AN  	55.95	-3.20	89.91	0.09
HFD 	52.00	0.75	99.90	0.10
LM  	46.00	2.00	99.80	0.20
CHA 	46.00	2.00	53.02	1.98
SIM 	47.00	8.00	83.41	0.59
WAGY	36.00	138.00	9.03	0.97
HANW	38.50	127.00	6.08	0.92
BBLU	50.83	4.00	4.00	0.00
BDAQ	46.00	2.00	4.98	0.02
CHIA	42.83	12.83	7.30	0.70
CORR	23.00	-102.00	4.65	0.36
GEL 	51.00	9.00	7.90	0.10
MAAN	46.00	2.00	4.98	0.02
MUGR	-27.00	133.00	4.99	0.01
PIED	42.83	12.83	28.33	0.67
PINZ	-27.00	133.00	4.84	0.16
REDP	52.00	0.75	5.00	0.01
RMG 	42.83	12.83	25.93	3.07
SAL 	46.00	2.00	4.96	0.04
TXLH	32.00	100.00	35.45	6.55
SCHL	55.95	-3.20	8.78	0.23
SENP	14.00	-14.00	32.04	4.96
SH  	52.00	0.75	99.90	0.10
TARE	46.00	2.00	4.97	0.03
WHPK	52.00	0.75	4.00	0.00
ROMO	4.00	-72.00	6.96	1.04
ANR 	55.95	-3.20	14.99	0.02
HO  	52.50	5.75	99.90	0.10
AYR 	64.00	26.00	9.98	0.02
JER 	49.25	-2.17	9.89	0.11
BSW 	47.00	8.00	9.84	0.16
GNS 	49.47	-2.58	9.92	0.08
LH  	52.00	0.75	3.90	0.10
WEBL	51.50	-3.22	2.00	0.00
SDEV	52.00	0.75	3.96	0.04
BGAL	52.00	0.75	3.99	0.01
KERR	53.00	-8.00	3.00	0.00
SUSS	52.00	0.75	3.99	0.01
GALL	55.95	-3.20	3.99	0.01
DEX 	53.00	-8.00	4.00	0.00
DEV 	52.00	0.75	4.00	0.00
ANKW	1.00	32.00	2.10	2.91
MCHI	42.83	12.83	4.38	0.62
MONT	46.00	2.00	4.97	0.03
Tuli	-20.00	30.00	3.14	1.86
NRC 	62.00	10.00	20.96	0.04
NDAM	11.00	-10.00	40.06	18.94
BOR 	1.00	38.00	8.32	35.68
NDBO	0.00	0.00	15.33	26.67
BR  	20.00	77.00	3.17	95.83
NEL 	-10.00	-55.00	5.98	66.02
GUZ 	-10.00	-55.00	0.04	2.96
SAHW	30.00	70.00	0.04	9.96
GIR 	20.00	77.00	0.03	24.98
BEFM	0.00	0.00	16.30	7.70
SGT 	0.00	0.00	16.22	7.78
SHK 	8.00	38.00	5.98	14.02
HYB	32.00	100.00	10.26	2.74